1536935066.000000, IBI
51.439855,0.609403
52.064883,0.625029
52.658660,0.593777
53.268063,0.609403
53.861840,0.593777
54.486869,0.625029
55.127523,0.640654
55.736926,0.609403
56.361955,0.625029
56.955732,0.593777
57.533884,0.578151
58.252666,0.718783
58.830818,0.578151
59.487098,0.656280
60.159004,0.671906
60.799658,0.640654
61.518441,0.718783
62.268475,0.750034
62.940381,0.671906
66.003021,0.609403
66.721804,0.718783
67.440587,0.718783
68.268750,0.828163
71.550150,0.718783
72.237682,0.687531
72.940839,0.703157
73.612745,0.671906
74.269025,0.656280
74.940930,0.671906
75.581585,0.640654
76.253490,0.671906
76.894145,0.640654
77.534799,0.640654
78.206705,0.671906
78.894236,0.687531
79.597394,0.703157
80.222422,0.625029
80.909954,0.687531
81.581859,0.671906
82.238139,0.656280
82.894419,0.656280
83.535074,0.640654
84.160102,0.625029
84.816382,0.656280
85.488288,0.671906
86.191445,0.703157
86.800848,0.609403
87.519631,0.718783
88.050905,0.531274
88.707186,0.656280
89.425968,0.718783
97.207575,0.750034
120.411762,0.812537
127.333954,0.656280
133.568614,0.718783
136.428120,0.671906
137.021897,0.593777
137.709429,0.687531
138.412586,0.703157
174.195474,0.593777
177.789388,0.640654
178.476920,0.687531
179.305083,0.828163
179.883234,0.578151
180.586391,0.703157
181.211420,0.625029
181.914577,0.703157
182.602109,0.687531
183.242763,0.640654
183.945920,0.703157
184.586575,0.640654
185.211603,0.625029
185.852257,0.640654
186.477286,0.625029
187.102315,0.625029
187.727343,0.625029
188.430501,0.703157
189.055529,0.625029
189.680558,0.625029
190.352463,0.671906
190.946241,0.593777
191.649398,0.703157
192.290052,0.640654
192.961958,0.671906
193.649489,0.687531
194.305769,0.656280
195.024552,0.718783
195.696458,0.671906
200.977950,0.640654
201.634230,0.656280
202.290510,0.656280
202.915539,0.625029
203.509316,0.593777
204.103093,0.593777
208.259533,0.734409
208.947065,0.687531
219.369417,0.625029
496.632108,0.625029
497.272763,0.640654
497.929043,0.656280
498.600948,0.671906
499.241603,0.640654
499.866631,0.625029
500.538537,0.671906
501.179191,0.640654
501.819846,0.640654
502.429249,0.609403
503.038651,0.609403
503.694932,0.656280
504.319960,0.625029
505.054369,0.734409
505.663772,0.609403
506.273175,0.609403
540.290357,0.656280
540.821631,0.531274
544.181160,0.687531
544.743685,0.562526
549.259517,0.718783
552.572169,0.640654
553.212823,0.640654
553.869103,0.656280
554.525383,0.656280
555.103535,0.578151
555.728563,0.625029
559.697495,0.593777
560.322524,0.625029
560.931926,0.609403
561.666335,0.734409
562.244487,0.578151
567.338470,0.984420
568.057253,0.718783
570.854256,0.546900
571.510536,0.656280
572.119939,0.609403
572.744967,0.625029
573.416873,0.671906
574.088779,0.671906
580.214059,0.578151
580.901591,0.687531
657.780110,0.718783
658.467641,0.687531
659.233301,0.765660
659.952084,0.718783
667.233667,0.750034
681.671828,0.781286
756.956524,0.671906
757.565927,0.609403
816.896768,0.640654
817.521796,0.625029
818.131199,0.609403
818.756228,0.625029
819.381257,0.625029
823.162680,0.609403
832.381852,0.656280
833.069383,0.687531
833.960049,0.890666
854.710999,0.656280
855.351653,0.640654
855.945430,0.593777
862.476979,0.703157
863.117634,0.640654
863.836416,0.718783
864.445819,0.609403
865.086474,0.640654
865.711502,0.625029
866.352157,0.640654
866.992811,0.640654
867.649091,0.656280
868.258494,0.609403
868.899148,0.640654
869.539803,0.640654
870.164831,0.625029
870.930491,0.765660
871.618023,0.687531
872.289928,0.671906
873.039963,0.750034
873.789997,0.750034
874.493154,0.703157
875.211937,0.718783
875.868217,0.656280
876.540123,0.671906
877.149526,0.609403
877.712052,0.562526
878.305829,0.593777
878.915232,0.609403
879.587137,0.671906
880.337172,0.750034
881.165335,0.828163
881.868492,0.703157
882.727906,0.859414
883.462315,0.734409
884.134221,0.671906
884.821752,0.687531
885.493658,0.671906
886.134312,0.640654
886.790592,0.656280
887.446872,0.656280
888.087527,0.640654
888.728181,0.640654
889.384461,0.656280
890.056367,0.671906
890.743898,0.687531
891.431430,0.687531
892.165838,0.734409
892.868995,0.703157
893.509650,0.640654
894.181556,0.671906
894.790958,0.609403
895.415987,0.625029
896.056641,0.640654
896.712921,0.656280
897.416079,0.703157
898.134861,0.718783
898.775516,0.640654
899.431796,0.656280
900.072450,0.640654
900.728730,0.656280
901.447513,0.718783
902.181922,0.734409
902.853827,0.671906
903.572610,0.718783
904.307019,0.734409
904.932048,0.625029
905.588328,0.656280
906.213356,0.625029
906.838385,0.625029
907.479039,0.640654
908.135319,0.656280
908.854102,0.718783
909.588511,0.734409
910.291668,0.703157
913.744951,0.718783
914.369980,0.625029
915.010634,0.640654
915.682540,0.671906
916.370071,0.687531
917.073228,0.703157
917.745134,0.671906
918.432666,0.687531
919.151448,0.718783
919.838980,0.687531
920.542137,0.703157
921.260920,0.718783
921.917200,0.656280
922.557854,0.640654
923.198509,0.640654
923.823537,0.625029
924.464192,0.640654
925.261103,0.796911
925.948635,0.687531
926.698669,0.750034
927.386200,0.687531
928.120609,0.734409
928.886269,0.765660
929.605052,0.718783
930.276958,0.671906
930.964489,0.687531
931.573892,0.609403
932.183295,0.609403
932.745821,0.562526
933.370849,0.625029
939.074235,0.703157
939.793018,0.718783
940.464924,0.671906
941.105578,0.640654
941.761858,0.656280
942.402513,0.640654
943.011916,0.609403
943.652570,0.640654
944.261973,0.609403
944.871376,0.609403
945.433902,0.562526
946.027679,0.593777
946.574579,0.546900
947.121479,0.546900
947.668379,0.546900
948.293407,0.625029
948.918436,0.625029
949.637219,0.718783
950.356002,0.718783
951.027908,0.671906
951.699813,0.671906
952.356093,0.656280
952.965496,0.609403
997.295650,0.656280
1060.204780,0.640654
1060.876686,0.671906
1061.501714,0.625029
1062.142369,0.640654
1062.814275,0.671906
1065.939418,0.640654
1066.580072,0.640654
1067.283229,0.703157
1114.004118,0.562526
1114.676023,0.671906
1115.269801,0.593777
1115.847952,0.578151
1116.426104,0.578151
1117.019881,0.593777
1117.691787,0.671906
1118.238687,0.546900
1119.004347,0.765660
1119.707504,0.703157
1193.038985,0.734409
2301.074080,0.703157
3717.123273,0.593777
3717.779553,0.656280
3793.329887,0.625029
3794.001792,0.671906
3794.611195,0.609403
3807.830550,0.953169
3815.799665,0.640654
3834.613026,0.625029
3835.300558,0.687531
3835.878709,0.578151
3836.519364,0.640654
3840.441418,0.718783
3843.566561,0.796911
3844.254093,0.687531
3845.004127,0.750034
3845.691658,0.687531
3846.551073,0.859414
3847.269856,0.718783
3848.129270,0.859414
3848.769924,0.640654
3849.582462,0.812537
3850.301244,0.718783
3851.066905,0.765660
3851.723185,0.656280
3854.817076,0.703157
3855.520233,0.703157
3856.254642,0.734409
3857.035928,0.781286
3859.942311,0.687531
3860.582965,0.640654
3861.348625,0.765660
3862.129911,0.781286
3866.755123,0.718783
3867.598911,0.843789
3868.286443,0.687531
3871.849106,0.718783
3872.646017,0.796911
3873.411677,0.765660
3874.083583,0.671906
3874.880495,0.796911
3875.724283,0.843789
3876.364938,0.640654
3877.161849,0.796911
3877.865006,0.703157
3878.505661,0.640654
3891.568758,0.703157
3892.256290,0.687531
3892.865693,0.609403
3893.553224,0.687531
3894.240756,0.687531
3894.943913,0.703157
3895.631444,0.687531
3896.303350,0.671906
3896.990882,0.687531
3897.694039,0.703157
